35
1 2
3 3 4 3
1 6
3 3 6 3
1 4
5 4 2 2 2 5
6 7 2 1 1 2 7
4 8 4 4 9
4 10 2 2 10
4 11 2 3 11
4 12 3 2 12
4 12 3 3 12
4 13 3 3 12
2 17 15
3 2 14 14
3 3 12 12
3 4 6 6
3 4 7 7
3 4 8 8
4 3 2 6 9
5 2 2 6 6 2
5 1 2 7 7 2
4 3 7 7 3
4 2 9 8 2
2 9 8
2 9 6
2 9 6
2 9 5
2 3 3
2 2 3
2 2 4
2 3 3
2 2 2
2 2 3
1 24
40
1 3
1 6
2 5 4
2 7 4
2 8 5
2 10 3
1 10
1 11
2 11 2
3 11 6 1
3 11 6 1
3 13 5 1
3 20 2 1
1 25
4 1 1 19 2
4 1 1 17 1
5 1 1 3 18 1
3 9 9 1
4 2 5 7 1
4 4 2 5 1
2 6 1
2 6 1
3 4 2 1
3 2 3 1
3 8 4 1
6 1 1 3 6 9 1
4 1 1 17 1
4 1 1 18 2
1 25
1 26
3 21 2 1
3 15 2 1
3 11 6 1
2 11 5
2 11 2
1 11
1 10
1 10
1 8
1 6
