40
1 40
7 1 7 1 5 1 7 1
9 2 3 2 1 3 1 2 3 2
9 2 1 2 1 1 1 2 1 2
9 3 1 3 1 1 1 3 1 3
9 3 1 1 6 1 6 1 1 3
5 3 1 20 1 3
9 4 5 1 2 1 2 1 5 4
10 2 1 2 1 1 1 1 2 1 2
9 4 2 6 2 2 2 6 2 4
9 2 1 4 3 1 3 4 1 2
9 4 1 1 6 1 6 1 1 4
7 3 2 7 1 7 2 3
7 3 1 13 1 12 1 3
9 3 2 4 2 1 2 4 2 3
9 2 4 4 1 2 1 4 4 2
7 2 4 5 2 5 4 2
9 2 3 3 1 2 1 3 3 2
7 2 4 1 10 1 4 2
7 3 3 1 10 1 4 3
7 4 2 2 8 2 3 4
7 4 1 9 6 8 2 4
7 3 1 4 2 4 1 3
6 4 1 10 10 1 4
7 4 1 4 2 4 1 4
7 5 1 7 4 7 1 5
5 8 2 6 2 8
5 8 2 8 2 8
4 9 5 5 9
5 11 3 1 3 11
8 9 2 1 1 1 1 2 9
9 10 1 1 1 1 1 1 1 10
7 11 1 1 1 1 1 11
9 10 1 1 1 1 1 1 1 10
9 10 1 1 1 1 1 1 1 10
8 10 2 3 2 1 3 2 10
3 11 10 11
1 40
1 40
1 40
40
1 40
2 1 38
5 1 4 1 4 21
5 1 5 3 2 17
4 2 2 7 15
5 4 1 2 11 14
6 3 2 2 2 3 15
7 4 1 2 2 2 3 14
8 2 3 1 2 2 2 5 12
8 2 1 2 3 2 7 1 9
8 3 2 8 1 6 1 1 4
11 1 2 2 1 3 2 1 5 1 1 3
10 1 3 5 2 1 1 1 5 1 3
10 1 3 5 1 1 1 1 3 1 3
9 3 5 5 1 1 1 2 1 3
9 1 3 5 3 1 1 1 1 6
8 1 5 1 3 1 2 4 5
7 2 4 1 1 4 2 4
6 3 1 1 4 3 10
6 4 1 1 9 4 5
7 3 4 5 8 4 6 4
5 2 1 4 3 5
9 1 4 1 1 4 1 2 5 4
8 1 5 1 3 1 1 2 5
9 1 3 5 3 1 1 1 1 9
9 3 5 5 1 1 1 2 1 3
10 1 3 5 1 1 1 1 3 1 3
9 1 3 5 2 1 3 5 1 3
11 1 2 2 1 3 2 1 7 1 1 3
7 3 2 8 8 1 1 4
8 2 1 2 3 2 5 1 9
8 2 3 1 2 2 2 3 12
6 4 1 2 2 4 14
6 3 2 2 2 4 15
5 4 1 2 11 14
4 2 2 7 15
5 1 5 3 2 17
5 1 4 1 4 21
2 1 38
1 40
