39
3 1 6 5
3 2 17 3
7 2 6 12 2 2 1 2
8 3 7 3 1 1 1 2 1
8 3 7 2 1 1 1 1 1
7 3 2 2 9 2 1 3
6 2 4 6 5 1 2
4 3 5 14 2
4 8 2 15 1
5 7 3 3 1 4
4 3 6 7 13
2 22 10
2 24 5
2 25 3
4 5 15 8 5
6 3 5 8 4 7 5
7 4 12 2 4 2 3 4
6 6 6 4 2 7 4
6 3 1 4 2 10 3
6 3 2 1 4 13 2
5 5 3 4 14 3
5 6 2 3 14 3
5 4 2 1 2 19
5 2 1 1 1 16
5 2 2 1 2 15
4 1 2 7 10
5 2 5 1 5 3
7 1 1 1 1 5 2 4
6 2 2 1 2 2 5
4 3 1 3 5
3 3 1 4
4 16 3 1 4
4 19 3 1 3
4 9 3 1 3
4 18 3 1 4
5 2 1 1 1 4
5 12 2 1 1 4
4 14 5 2 7
2 9 4
42
7 2 2 1 1 1 2 2
6 4 4 1 1 2 2
6 4 4 3 2 1 2
7 5 1 2 3 2 1 2
9 2 2 2 1 2 3 2 1 2
8 3 1 2 1 1 1 2 4
6 11 2 1 1 2 4
7 2 3 8 1 2 1 2
5 1 4 10 4 2
4 1 15 4 2
4 2 14 4 2
6 3 5 2 5 4 2
6 3 1 1 17 4 1
7 4 3 6 1 1 4 1
6 1 6 10 3 2 4
6 1 6 11 2 4 1
7 1 2 3 12 1 3 1
7 2 1 3 14 1 1 2
8 2 1 2 7 1 1 1 2
7 2 1 2 6 5 1 2
6 3 1 2 5 9 2
8 3 1 2 4 2 4 5 3
8 3 4 4 2 6 2 9 1
7 2 4 4 1 11 6 2
5 2 4 3 12 10
4 2 4 3 13
7 3 6 4 10 1 1 6
6 5 1 4 9 3 1
5 3 1 4 9 3
4 2 1 16 1
6 1 2 1 4 9 2
6 1 1 1 1 3 12
6 2 1 2 4 8 6
6 2 1 2 5 5 8
4 2 6 11 10
6 1 3 2 1 14 4
7 1 1 2 2 1 10 3
6 1 2 1 7 7 3
5 1 1 4 3 2
4 2 4 3 2
4 3 4 2 2
4 5 4 1 1
