45
1 3
3 4 6 5
3 8 9 8
3 10 11 10
2 24 11
2 24 8
3 17 4 8
4 5 10 4 8
4 4 8 5 8
4 4 5 5 8
4 3 2 4 8
3 4 5 8
3 3 4 8
3 2 5 8
2 5 8
2 6 8
2 7 8
3 6 7 8
2 17 8
2 18 7
2 19 7
2 19 7
3 2 11 6
3 1 9 6
2 8 6
2 7 6
2 6 6
3 5 5 6
3 7 5 6
2 13 6
3 2 8 6
2 7 6
2 6 6
3 4 5 2
3 4 12 4
3 4 15 6
2 23 6
2 26 6
1 33
1 34
2 12 14
2 9 10
2 5 8
2 2 5
1 2
44
1 3
1 7
1 9
3 11 4 1
4 6 3 4 3
4 5 4 2 4
4 6 4 3 5
4 7 5 3 4
4 8 5 3 5
4 8 5 4 5
4 8 5 5 5
4 9 6 6 7
3 8 7 13
3 6 8 12
2 6 26
3 5 22 5
3 5 22 4
3 4 21 5
3 3 21 6
3 4 20 7
3 10 9 9
3 8 5 10
2 8 11
2 6 12
4 6 8 7 6
3 5 25 7
3 4 25 7
3 2 24 7
2 24 8
2 24 9
2 23 8
2 19 9
2 9 8
2 6 9
2 5 8
2 5 6
2 4 6
2 4 6
2 4 6
2 3 6
1 6
1 5
1 3
1 1
