58
2 27 20
2 25 16
3 24 8 12
4 11 10 13 10
7 21 15 1 2 2 1 9
8 20 12 3 2 2 2 2 7
10 18 5 6 3 3 3 2 3 3 6
11 16 9 4 3 3 3 3 1 1 2 5
15 4 10 8 2 4 3 3 1 1 1 1 1 1 1 4
15 14 7 4 4 4 1 1 3 3 1 1 2 1 1 3
17 13 7 3 4 4 1 2 3 1 1 1 1 3 1 1 1 2
10 12 8 12 4 4 2 1 2 1 1
10 11 4 13 1 2 1 4 9 1 1
12 10 4 5 4 2 2 2 7 2 10 1 1
8 9 5 16 5 6 10 5 1
8 8 6 8 6 7 2 9 10
8 7 7 5 4 2 4 8 14
7 7 8 14 2 2 8 16
6 6 8 16 2 8 18
6 5 6 8 9 9 20
7 4 4 5 2 6 9 22
9 4 2 5 4 2 9 6 2 24
8 3 1 4 4 2 8 9 24
8 2 1 3 3 6 5 9 25
7 2 3 4 5 3 10 25
9 1 3 3 1 2 2 8 6 26
8 1 3 3 3 2 2 15 26
7 3 3 1 6 1 14 27
9 2 3 1 2 2 2 12 18 9
10 2 3 1 6 1 1 1 5 5 29
9 2 2 5 1 1 1 1 9 30
11 1 3 2 3 1 2 1 2 1 8 31
9 2 3 4 2 3 5 3 7 31
9 4 1 7 2 1 2 3 6 32
9 4 1 3 5 1 3 4 5 32
9 4 1 3 4 1 3 4 4 33
11 4 1 1 2 1 2 3 4 4 9 23
10 4 1 1 1 2 2 3 3 4 33
10 4 1 1 1 1 2 3 4 4 33
9 4 1 1 1 2 4 4 4 33
8 4 2 1 2 4 4 3 34
8 4 1 1 4 4 5 3 34
8 4 1 2 1 2 10 4 34
9 5 1 2 1 2 10 4 21 13
7 6 1 3 6 4 4 35
6 6 1 12 4 4 36
6 7 1 7 5 5 36
6 7 1 4 7 5 37
6 1 6 4 4 6 37
6 2 4 6 4 9 38
7 3 3 4 7 10 16 22
5 4 2 1 10 40
3 5 22 41
3 6 17 42
3 7 10 43
3 9 4 44
2 10 46
2 12 48
77
2 27 10
2 25 9
3 23 7 8
4 22 2 16 7
5 8 11 4 16 6
5 19 2 2 16 5
7 18 1 3 1 2 10 4
7 16 1 3 2 9 8 3
8 15 2 2 3 1 3 7 3
9 14 3 2 3 2 5 1 6 2
11 13 3 2 3 4 2 2 2 2 2 1
12 3 8 5 2 2 1 7 2 1 2 1 1
11 11 5 2 2 1 6 1 2 1 2 2
11 10 6 2 1 1 4 2 1 1 3 2
11 9 7 1 2 1 3 3 1 5 3 2
11 8 7 2 2 1 3 5 1 1 3 4
10 7 8 2 1 1 3 4 3 6 3
12 7 8 1 1 1 1 2 3 3 3 1 4
14 6 3 1 2 1 1 1 1 1 1 1 3 1 4
13 6 2 2 2 1 1 1 1 2 2 2 1 4
12 5 3 4 1 2 2 1 4 2 2 2 4
11 4 4 4 2 1 5 2 3 3 2 3
10 3 5 7 1 1 2 5 3 3 3
9 3 5 7 1 1 4 3 3 4
9 2 5 7 1 1 1 4 2 5
9 1 5 2 8 1 1 5 2 4
9 1 5 5 2 5 3 6 2 5
7 5 4 2 1 13 2 5
7 5 5 2 1 12 3 5
9 2 1 6 3 2 7 6 4 1
9 5 3 2 3 2 3 6 5 1
9 4 2 6 2 2 5 8 6 2
8 4 2 9 3 3 15 6 2
6 4 16 5 11 6 3
7 4 4 10 7 8 7 4
6 4 5 7 9 7 5
5 4 5 6 22 6
7 3 2 2 2 4 20 7
7 3 3 5 2 5 13 8
5 3 5 5 17 9
7 3 5 2 2 4 9 11
6 3 6 2 1 13 13
5 2 3 5 12 15
5 1 2 7 11 18
5 6 3 1 11 23
4 7 3 11 25
5 3 5 4 5 27
4 3 2 9 28
3 3 8 29
4 5 2 6 30
3 10 5 31
4 3 3 5 33
3 2 4 35
4 1 4 15 21
4 7 4 29 7
4 4 1 4 38
3 4 4 38
3 1 3 39
4 1 5 3 39
5 1 4 1 3 40
4 1 6 3 40
3 2 2 41
4 2 6 2 41
6 2 2 1 1 27 14
4 2 2 2 42
2 3 43
3 3 5 43
6 4 1 1 1 13 29
2 5 44
4 5 3 1 44
2 6 44
4 7 2 1 44
2 8 44
4 9 1 1 43
2 10 43
3 11 2 42
2 12 42
