130
3 40 59 39
4 40 30 27 39
7 40 28 27 7 6 16 7
7 12 13 13 26 26 13 23
9 5 6 28 9 10 10 9 15 24
9 11 28 3 8 2 3 4 35 5
10 9 18 2 6 1 3 2 20 4 5
9 11 17 2 5 3 2 18 1 5
13 12 15 2 3 2 3 2 2 3 2 6 9 5
14 12 12 3 5 4 2 2 2 2 4 5 3 14 4
11 24 5 13 5 2 2 5 13 5 13 1
9 22 5 23 3 3 23 7 10 3
9 20 7 24 4 4 24 7 7 5
11 10 8 9 22 4 4 22 9 5 2 5
8 3 14 10 21 21 10 9 5
10 3 13 11 20 3 3 20 11 9 5
12 1 10 2 9 19 2 2 19 4 7 9 5
13 3 11 3 10 18 1 2 2 1 18 4 8 14
13 3 10 4 10 18 2 2 2 2 18 4 8 13
12 13 5 11 16 4 2 2 4 16 5 9 12
12 12 5 11 16 2 2 2 2 16 3 8 12
14 11 6 12 15 1 1 2 2 1 1 15 2 6 11
14 11 6 7 5 15 1 5 5 1 15 5 9 4 5
13 10 7 7 5 14 6 1 1 6 14 7 11 10
11 10 7 6 5 14 5 5 14 8 12 9
11 9 8 4 4 13 3 3 13 10 13 9
15 9 7 5 7 11 1 2 1 1 3 1 11 11 14 8
16 8 8 6 9 9 1 3 2 1 1 2 3 1 9 27 8
14 8 8 6 10 8 2 3 4 4 3 2 8 28 8
16 8 8 18 6 1 3 2 2 2 2 4 1 6 20 9 7
19 2 4 9 18 4 2 3 2 1 3 1 2 3 2 4 21 8 5 1
19 7 3 4 19 3 2 1 3 2 1 1 2 3 1 2 3 22 8 6
14 7 8 20 2 6 4 2 2 4 6 2 23 9 6
16 6 8 6 7 5 4 1 1 1 1 4 5 7 8 8 5
11 6 8 8 10 5 5 5 10 5 4 5
11 6 7 1 13 7 6 6 7 11 5 5
10 5 8 2 16 2 17 2 15 6 4
10 5 8 3 18 1 17 1 19 9 4
12 5 7 3 19 2 1 11 1 2 20 9 4
14 5 7 3 20 6 2 1 1 1 2 6 20 8 4
11 4 9 22 9 4 4 9 21 1 8 4
12 4 9 10 12 12 5 5 13 22 4 9 3
11 4 11 12 13 22 23 10 11 6 8 3
7 3 26 10 48 9 29 3
12 3 7 1 17 11 14 4 4 15 6 27 3
13 3 6 1 5 9 10 11 4 4 12 7 29 3
12 3 6 2 5 18 7 7 7 8 7 29 3
9 3 7 18 5 10 10 6 39 3
8 2 9 18 10 10 29 9 2
11 2 10 1 15 9 3 3 9 27 9 2
12 2 12 1 14 9 5 5 9 25 4 4 2
11 2 19 1 13 8 11 8 12 11 10 2
11 2 20 1 11 7 11 7 12 8 10 2
10 2 24 10 7 11 7 12 6 11 1
12 2 23 8 1 6 9 6 2 12 3 11 1
11 2 23 7 1 7 7 7 2 12 11 1
11 1 24 6 3 6 5 6 3 12 11 1
13 1 4 19 5 3 1 2 3 2 1 4 12 11
12 1 23 2 3 1 3 1 3 1 4 12 10
11 1 23 2 4 1 5 5 1 5 12 8
10 1 12 10 2 4 8 8 6 12 7
9 12 10 1 5 9 9 6 10 5
9 11 9 1 5 10 10 7 9 3
8 9 9 6 13 13 7 7 10
9 11 12 6 9 11 9 8 6 12
10 13 15 6 10 7 10 7 5 3 12
10 13 16 6 10 7 10 8 4 7 12
9 30 5 11 7 11 6 3 15 13
12 31 6 2 3 2 7 2 3 2 11 14 13
11 3 28 7 5 4 9 4 5 7 15 13
10 33 8 6 7 7 7 6 7 16 14
11 34 9 6 8 5 8 6 7 17 7 6
10 35 11 6 9 3 9 6 7 18 14
9 18 31 5 10 1 10 5 8 33
7 50 5 11 11 5 8 33
9 29 20 6 10 10 6 7 10 23
9 9 40 6 10 9 6 7 20 13
9 9 39 7 10 9 7 6 20 13
9 8 37 4 9 10 4 6 19 12
11 10 39 2 4 7 10 4 2 6 19 12
10 10 24 13 6 7 10 6 5 20 12
9 35 13 9 7 10 9 5 19 11
9 33 11 9 8 10 9 4 19 12
12 22 12 12 9 1 8 8 1 9 3 16 9
12 22 12 12 8 2 9 7 2 8 3 12 4
11 21 24 7 3 10 6 3 7 3 13 5
12 19 21 7 5 9 4 5 7 2 3 11 7
12 21 23 6 6 9 4 6 6 1 3 11 8
11 23 24 5 7 9 4 13 1 3 12 9
12 23 15 7 5 9 7 4 8 6 6 13 10
13 15 31 4 10 6 5 7 9 1 1 1 12 10
15 6 40 3 11 5 6 6 4 1 1 1 1 3 11 10
15 6 39 3 12 4 5 6 4 2 1 1 1 5 10 9
16 5 26 11 2 1 12 4 5 6 5 2 1 1 17 3 9
14 3 36 1 2 12 5 4 6 6 1 2 19 5 9
12 5 38 3 13 4 3 12 2 2 21 9 8
12 6 39 4 13 5 2 11 1 1 21 11 8
8 6 44 13 6 2 10 10 31
8 51 14 5 1 10 2 4 30
9 46 2 14 4 10 2 2 3 29
11 35 7 1 14 4 9 4 3 2 25 2
10 33 5 1 14 3 4 3 2 1 27
11 22 7 4 16 5 2 2 2 1 5 17
9 20 5 3 16 3 9 2 3 16
9 3 15 5 2 18 9 2 3 16
9 18 3 2 17 7 2 2 1 15
8 18 3 1 16 8 2 1 14
6 17 2 15 9 3 14
5 16 2 13 16 13
6 7 6 1 14 11 13
7 6 4 1 15 12 4 5
6 5 4 15 15 3 4
6 4 3 14 17 3 3
7 4 2 5 4 18 1 3
6 3 1 3 20 1 3
5 3 1 3 23 2
4 2 3 24 2
5 2 4 1 26 2
5 2 6 4 28 1
5 1 7 7 30 1
5 1 5 7 33 1
4 1 4 5 34
2 3 38
2 10 47
1 61
1 55
1 48
1 49
1 50
1 50
140
2 61 34
3 16 39 41
4 16 13 17 51
5 14 24 38 9 9
4 16 23 46 17
6 4 11 19 26 23 15
3 33 51 12
4 30 21 35 13
3 27 61 14
5 6 18 48 15 14
5 6 6 9 51 31
5 5 13 20 29 32
7 3 10 8 12 15 14 37
6 5 11 23 14 14 35
6 6 11 18 6 12 47
8 6 10 16 2 1 10 23 19
6 16 15 3 1 11 43
6 15 14 3 3 12 43
6 14 10 5 3 12 41
5 13 5 4 4 53
6 12 2 4 22 12 16
5 12 13 5 35 16
6 11 17 3 1 34 14
6 11 21 5 1 31 12
4 10 34 32 14
5 9 14 20 33 16
7 3 5 15 21 5 23 18
4 9 14 27 48
4 8 12 20 45
4 8 15 23 42
7 8 2 8 7 17 40 1
9 7 2 6 7 9 8 9 27 2
7 7 1 12 8 9 34 3
6 7 11 6 8 32 4
9 6 9 8 11 12 10 7 2 2
8 6 8 8 13 11 17 2 2
8 6 5 7 23 8 15 2 2
8 6 10 6 23 9 17 2 2
8 6 15 5 24 9 18 2 2
9 6 17 4 22 2 16 13 2 3
8 2 19 3 21 3 35 2 2
8 2 2 20 3 19 34 2 2
8 3 2 20 2 16 33 3 2
7 4 24 1 13 32 2 2
8 4 24 1 5 2 32 3 2
8 5 26 3 2 32 3 2 2
8 5 26 1 4 25 2 3 7
10 6 20 2 5 24 3 3 3 2 7
11 6 19 1 2 6 23 5 4 2 3 7
10 6 18 5 7 22 7 6 4 3 7
10 5 16 5 8 21 9 9 8 3 7
11 5 15 1 4 7 11 4 10 12 4 7
12 5 20 4 7 5 13 5 3 9 22 3 7
11 5 10 6 7 7 9 12 8 23 3 7
11 4 9 3 7 9 3 10 8 24 3 7
8 4 8 10 21 10 7 25 8
9 4 6 7 11 8 9 7 26 8
9 4 4 6 11 10 8 6 27 8
9 4 3 5 11 10 3 5 29 8
9 5 1 9 4 23 5 4 30 9
9 5 1 10 3 6 13 10 31 10
11 6 2 1 3 9 2 4 10 14 28 10
12 7 2 1 4 2 8 2 2 8 17 24 11
12 8 3 1 7 3 8 4 7 20 16 3 11
12 13 1 1 2 4 5 6 2 2 22 13 12
13 12 2 2 1 4 5 5 4 2 1 25 9 12
13 9 2 3 1 2 4 5 6 2 1 27 4 13
11 8 2 3 2 2 8 7 8 30 2 13
12 6 1 1 1 1 3 3 8 8 6 23 14
11 3 2 2 3 2 8 9 4 8 10 15
12 2 1 1 4 1 8 10 4 6 5 2 15
14 1 2 2 3 2 8 9 2 6 4 3 2 2 16
14 1 5 1 1 1 1 3 3 8 8 12 6 3 16
11 6 2 3 2 2 8 7 8 14 13 17
13 5 2 3 1 2 4 5 6 2 1 27 3 18
14 5 5 2 2 1 4 5 5 4 2 1 25 3 18
13 5 7 1 1 2 4 5 6 2 2 22 6 19
11 8 3 1 7 3 8 4 7 20 9 19
12 7 2 1 4 2 9 2 2 8 17 12 20
10 6 2 1 13 2 4 10 14 15 21
9 5 1 10 3 6 13 10 18 22
9 5 1 9 4 23 5 4 16 23
9 4 3 5 11 10 3 5 15 24
10 4 4 6 11 10 8 6 6 4 25
10 4 6 7 11 8 9 7 4 4 25
9 4 8 10 21 10 7 2 5 26
10 4 9 3 7 9 3 10 9 5 27
10 5 10 6 7 7 9 12 8 4 27
11 5 20 4 7 5 13 5 3 8 3 28
10 5 15 1 4 7 13 4 9 5 28
10 6 16 5 8 23 7 2 2 1 19
10 6 18 5 7 24 6 1 3 1 15
11 6 19 1 2 7 26 4 3 3 1 10
8 6 20 2 6 32 6 1 6
9 5 26 5 23 3 3 4 2 3
8 5 26 1 4 16 1 3 2
9 4 24 1 3 2 7 3 4 2
9 4 24 1 5 2 1 1 2 10
9 3 2 20 2 11 1 2 4 6
8 2 2 20 3 14 1 4 3
7 2 19 3 17 2 1 6
7 6 17 4 18 1 3 7
8 6 15 5 21 1 2 1 9
7 6 10 6 8 14 8 7
7 6 5 7 8 16 9 6
6 6 8 7 16 13 6
6 6 9 9 23 15 7
5 7 11 9 42 6
6 2 4 1 12 55 5
5 7 2 14 57 5
6 8 3 3 11 32 32
6 8 12 11 17 13 33
5 8 10 29 10 34
5 9 10 29 8 37
6 3 5 8 28 5 39
9 2 5 5 7 18 2 9 8 22
7 3 6 7 9 18 18 19
7 11 8 11 5 11 19 17
7 11 7 11 2 12 19 15
8 8 3 8 12 13 19 6 5
7 12 7 11 14 16 2 6
5 13 14 13 14 7
5 14 14 12 13 7
5 15 16 10 9 9
5 16 16 8 5 12
6 17 15 2 6 9 13
7 18 14 5 5 7 14 15
7 6 6 5 12 23 17 16
7 6 4 7 10 24 20 18
6 7 1 8 33 20 20
6 7 11 31 20 3 17
7 8 13 18 10 21 7 14
7 2 4 14 27 8 12 23
5 6 15 25 21 24
6 5 5 10 21 21 24
4 9 24 37 26
3 10 29 59
4 10 37 41 14
4 10 19 22 48
2 57 39
