45
1 2
1 2
1 3
1 2
2 3 3
2 5 1
2 7 3
2 5 3
3 2 2 2
3 1 4 3
3 2 1 8
2 4 8
2 5 8
2 9 3
2 9 4
3 9 2 3
4 4 3 2 3
4 4 1 2 3
3 8 1 3
3 2 7 3
3 5 2 3
3 5 2 3
2 6 3
2 7 3
4 7 2 2 3
5 5 1 1 1 3
4 5 4 1 4
4 6 1 1 2
4 4 2 2 3
2 4 2
2 4 3
3 3 3 2
3 3 2 2
3 3 2 2
3 3 1 3
3 4 1 3
3 5 1 3
4 4 2 1 3
3 3 4 5
2 3 6
3 3 1 4
3 4 1 5
3 4 1 4
1 5
1 3
22
2 1 3
3 4 7 5
3 14 19 2
2 4 34
4 4 1 7 25
5 3 1 3 14 9
6 1 9 7 1 1 3
4 12 3 2 1
4 8 2 1 1
5 3 2 2 4 1
7 2 3 2 1 1 1 1
6 1 16 3 1 3 1
5 5 13 2 1 9
5 2 1 6 1 4
3 2 4 2
3 2 1 4
4 3 5 1 5
2 11 6
3 12 3 3
4 4 5 4 2
1 9
1 6
