35
1 7
1 12
2 9 6
2 11 6
2 3 16
2 3 17
3 3 11 6
4 3 10 2 6
4 7 7 2 6
5 7 6 1 1 6
5 11 2 1 2 5
4 8 1 1 9
3 1 7 13
2 9 13
5 10 4 4 7 5
5 5 6 2 6 6
6 4 5 5 4 5 6
9 4 5 2 1 1 2 2 2 5
6 5 3 2 1 1 5
5 5 3 2 3 6
6 5 3 1 2 1 4
7 6 2 3 1 2 2 3
6 6 2 1 1 1 3
6 6 1 3 4 2 1
5 4 1 7 1 1
5 1 2 1 1 1
6 1 2 1 4 1 1
6 1 2 2 2 2 1
4 1 2 2 2
3 2 2 3
2 7 3
2 7 5
2 8 8
2 8 10
2 10 12
40
1 8
1 13
2 12 1
1 15
2 3 10
3 3 3 2
2 8 2
1 14
1 16
2 18 1
4 3 10 3 2
6 3 7 1 1 2 3
6 2 7 1 1 1 3
7 8 2 1 2 1 2 4
7 7 2 1 2 2 2 4
5 12 3 3 3 7
6 11 5 1 1 1 6
5 10 1 1 2 5
6 12 1 1 2 3 1
6 11 1 1 1 1 2
6 2 6 1 1 2 1
8 3 3 3 1 2 1 1 2
6 5 1 1 2 2 2
5 5 2 1 1 2
5 6 3 1 2 1
3 6 4 2
4 8 5 5 3
4 16 2 2 4
3 14 3 6
3 11 2 6
2 13 5
2 10 4
2 4 3
3 3 2 3
3 5 3 2
3 8 2 1
1 12
1 10
1 10
1 6
